#id	speedup	powerup	idle_partner_id
0	1	1	0
1	1.34726	1.07199	0
2	1.55536	1.1204	0
3	1.75023	1.16387	0
4	2.07456	1.18411	0
5	2.70771	1.2954	0
6	3.0867	1.35186	0
7	3.17953	1.38441	0
8	3.5251	1.45108	0
9	4.03528	1.50212	0
10	4.66415	1.61272	0
11	5.63559	1.68492	0
12	6.04731	1.82393	0
13	6.79439	1.94228	0
14	7.31721	2.06187	0
15	8.72699	2.15307	0
16	8.93355	2.21374	0
17	10.3337	2.4882	0
18	11.1991	2.55607	0
19	12.813	2.81469	0
20	13.0407	2.87446	0
21	14.6938	3.16252	0
22	15.8144	3.30765	0
23	16.1159	3.41865	0
24	17.2064	3.7075	0
25	18.1989	3.72901	0
26	19.8461	4.06112	0
27	20.1672	4.2578	0
28	21.0266	4.34575	0
29	21.9499	4.67083	0
30	23.2784	4.99612	0
31	24.1951	5.42583	0
32	25.0392	5.97226	0
33	25.4237	6.51588	0
34	25.7451	7.72496	0