#id	speedup	powerup	idle_partner_id
0	1	1	0
1	1.55127	1.0644	0
2	2.11482	1.11968	0
3	2.16598	1.12099	0
4	2.66076	1.17897	0
5	3.36629	1.2272	0
6	4.51939	1.31867	0
7	5.11704	1.37035	0
8	5.54027	1.43375	0
9	6.83557	1.50362	0
10	8.46095	1.63798	0
11	9.0871	1.68085	0
12	10.0649	1.80942	0
13	11.2657	1.84508	0
14	11.6405	2.02038	0
15	13.3519	2.06512	0
16	15.4161	2.32679	0
17	17.4201	2.58915	0
18	19.3344	3.0443	0
19	21.226	3.39765	0
20	22.9969	3.81854	0
21	24.8455	4.26277	0
22	26.5282	4.8455	0
23	28.0905	5.45608	0
24	32.576	6.64649	0
25	36.9717	7.42393	0
26	41.2216	8.64148	0
27	45.4589	9.95865	0
28	49.6405	11.4169	0
29	53.718	13.0425	0
30	57.7589	14.8349	0
31	61.7069	16.2868	0
32	65.5734	18.3676	0
33	69.3404	21.2731	0
34	73.1692	24.7573	0
35	76.6218	28.7435	0