#id	speedup	powerup	idle_partner_id
0	1.000000	1.000000	0
1	1.587057	1.045230	0
2	2.170160	1.069694	0
3	2.177441	1.094412	0
4	3.352937	1.139100	0
5	3.370637	1.147273	0
6	4.489580	1.202351	0
7	4.558937	1.222081	0
8	5.162440	1.244190	0
9	5.739078	1.299268	0
10	6.900954	1.335198	0
11	6.964913	1.348803	0
12	8.721064	1.448014	0
13	9.289354	1.464864	0
14	10.479977	1.586899	0
15	11.598481	1.595210	0
16	12.213030	1.761296	0
17	13.906540	1.767343	0
18	13.918591	1.943028	0
19	16.326700	1.977546	0
20	18.525169	2.179312	0
21	20.806929	2.555450	0
22	23.041865	2.875137	0
23	25.172608	3.227611	0
24	27.517762	3.632375	0
25	29.616181	4.145074	0
26	31.882500	4.697339	0
27	33.820863	11.929419	0
28	36.241777	13.472060	0
29	38.681333	15.759011	0
30	41.113796	18.314801	0
31	43.514812	21.502700	0
32	44.776299	25.088223	0